*****Dataset: segment-challenge.arff*****
Learning algorithm: Decision Tree: J48/C4.5
training data %	10.0	20.0	30.0	40.0	50.0	60.0	70.0	80.0	90.0	100.0	
training error %	3.33	1.67	1.78	1.33	1.73	0.89	1.43	1.33	0.96	1.00	
testing error %	9.56	7.83	9.43	7.00	5.87	4.33	3.78	3.00	3.33	NaN	
training time (ms)	58.0	18.0	26.0	35.0	25.0	39.0	36.0	40.0	57.0	59.0	

Learning algorithm: Boosting: AdaBoostM1 on J48
# Iterations	1.0	2.0	3.0	4.0	5.0	6.0	7.0	8.0	9.0	10.0	11.0	12.0	13.0	14.0	15.0	16.0	17.0	18.0	19.0	20.0	21.0	22.0	23.0	24.0	25.0	26.0	27.0	28.0	29.0	30.0	
training error %	1.11	1.11	0.00	0.00	0.00	0.00	0.00	0.00	0.00	0.00	0.00	0.00	0.00	0.00	0.00	0.00	0.00	0.00	0.00	0.00	0.00	0.00	0.00	0.00	0.00	0.00	0.00	0.00	0.00	0.00	
testing error %	6.08	6.08	2.94	2.94	2.75	3.33	2.94	2.75	2.94	2.75	2.75	2.35	2.55	2.75	2.55	2.35	2.16	2.55	2.16	2.35	2.35	2.55	2.55	2.75	2.75	2.75	2.75	2.94	2.94	2.94	
training time (ms)	33.0	51.0	71.0	112.0	124.0	161.0	166.0	242.0	259.0	274.0	302.0	278.0	300.0	331.0	425.0	478.0	532.0	585.0	642.0	659.0	696.0	738.0	713.0	793.0	831.0	708.0	871.0	915.0	974.0	983.0	

Learning algorithm: Neural Network: MultilayerPerceptron
# Epoches	1.0	2.0	3.0	4.0	5.0	6.0	7.0	8.0	9.0	10.0	
training error %	55.05	43.13	33.23	24.34	19.49	13.74	11.72	11.52	11.82	11.72	
testing error %	57.25	44.12	35.69	25.49	19.61	13.33	11.96	12.35	12.55	11.76	
training time (ms)	40.0	23.0	27.0	36.0	40.0	52.0	68.0	68.0	84.0	75.0	

Learning algorithm: kNN
Value of k	1.0	2.0	3.0	4.0	5.0	6.0	7.0	8.0	9.0	10.0	
training error %	0.00	1.82	2.32	2.83	3.64	4.04	4.04	4.65	4.55	4.65	
testing error %	5.88	6.67	5.69	6.08	6.67	6.27	5.88	5.69	5.49	6.27	
training time (ms)	1.0	0.0	0.0	1.0	1.0	0.0	1.0	1.0	0.0	1.0	

Learning algorithm: SVM: Poly Kernel
Exponent	1.0	2.0	3.0	4.0	5.0	6.0	7.0	8.0	9.0	10.0	
training error %	6.67	5.05	3.64	2.32	1.72	1.21	0.81	0.61	0.51	0.20	
testing error %	11.18	7.25	6.08	4.51	3.33	2.94	3.73	3.73	3.92	5.29	
training time (ms)	122.0	151.0	122.0	149.0	177.0	198.0	257.0	271.0	401.0	493.0	

Learning algorithm: SVM: RBF Kernel
gamma value	0.01	0.1	0.2	0.3	0.4	0.5	0.6	0.7	0.8	0.9	1.0	
training error %	40.51	12.83	10.30	9.09	8.48	8.08	7.17	6.87	6.57	6.57	6.46	
testing error %	43.14	10.00	9.22	6.67	6.27	6.08	5.69	5.69	5.69	5.49	5.49	
training time (ms)	496.0	222.0	172.0	165.0	157.0	129.0	163.0	139.0	146.0	158.0	142.0	



*****Dataset: zoo.arff*****
Learning algorithm: Decision Tree: J48/C4.5
training data %	10.0	20.0	30.0	40.0	50.0	60.0	70.0	80.0	90.0	100.0	
training error %	0.00	5.00	3.33	2.50	2.00	3.33	1.43	1.25	1.11	0.99	
testing error %	42.86	18.52	18.31	21.31	17.65	7.32	0.00	0.00	0.00	NaN	
training time (ms)	0.0	1.0	1.0	1.0	1.0	1.0	2.0	1.0	2.0	1.0	

Learning algorithm: Boosting: AdaBoostM1 on J48
# Iterations	1.0	2.0	3.0	4.0	5.0	6.0	7.0	8.0	9.0	10.0	11.0	12.0	13.0	14.0	15.0	16.0	17.0	18.0	19.0	20.0	21.0	22.0	23.0	24.0	25.0	26.0	27.0	28.0	29.0	30.0	
training error %	1.52	1.52	0.00	0.00	0.00	0.00	0.00	0.00	0.00	0.00	0.00	0.00	0.00	0.00	0.00	0.00	0.00	0.00	0.00	0.00	0.00	0.00	0.00	0.00	0.00	0.00	0.00	0.00	0.00	0.00	
testing error %	5.71	5.71	2.86	2.86	2.86	2.86	2.86	2.86	2.86	2.86	2.86	2.86	2.86	2.86	2.86	2.86	2.86	2.86	2.86	2.86	2.86	2.86	2.86	2.86	2.86	2.86	2.86	2.86	2.86	2.86	
training time (ms)	2.0	3.0	5.0	5.0	8.0	8.0	6.0	7.0	8.0	9.0	10.0	10.0	10.0	10.0	10.0	10.0	9.0	11.0	7.0	7.0	7.0	8.0	8.0	7.0	8.0	8.0	7.0	6.0	5.0	6.0	

Learning algorithm: Neural Network: MultilayerPerceptron
# Epoches	1.0	2.0	3.0	4.0	5.0	6.0	7.0	8.0	9.0	10.0	
training error %	59.09	45.45	33.33	22.73	22.73	22.73	22.73	22.73	18.18	18.18	
testing error %	60.00	51.43	45.71	42.86	34.29	34.29	34.29	34.29	34.29	34.29	
training time (ms)	79.0	17.0	26.0	29.0	34.0	40.0	47.0	55.0	64.0	68.0	

Learning algorithm: kNN
Value of k	1.0	2.0	3.0	4.0	5.0	6.0	7.0	8.0	9.0	10.0	
training error %	0.00	0.00	0.00	1.52	0.00	1.52	4.55	6.06	10.61	12.12	
testing error %	14.29	14.29	14.29	14.29	14.29	17.14	17.14	14.29	14.29	14.29	
training time (ms)	0.0	0.0	0.0	0.0	0.0	0.0	0.0	0.0	1.0	0.0	

Learning algorithm: SVM: Poly Kernel
Exponent	1.0	2.0	3.0	4.0	5.0	6.0	7.0	8.0	9.0	10.0	
training error %	0.00	0.00	0.00	0.00	0.00	0.00	0.00	0.00	0.00	0.00	
testing error %	0.00	0.00	5.71	5.71	8.57	20.00	31.43	34.29	42.86	42.86	
training time (ms)	49.0	44.0	51.0	50.0	54.0	75.0	49.0	47.0	79.0	60.0	

Learning algorithm: SVM: RBF Kernel
gamma value	0.01	0.1	0.2	0.3	0.4	0.5	0.6	0.7	0.8	0.9	1.0	
training error %	40.91	4.55	0.00	0.00	0.00	0.00	0.00	0.00	0.00	0.00	0.00	
testing error %	37.14	14.29	8.57	8.57	8.57	11.43	14.29	11.43	17.14	17.14	20.00	
training time (ms)	48.0	50.0	100.0	47.0	47.0	50.0	42.0	115.0	44.0	41.0	50.0	



